pose: 
  position: 
    x: 0.2058384154168687
    y: -0.15623392867549235
    z: -0.2376815219311228
  orientation: 
    x: -0.039957737686998965
    y: -0.08549949403800705
    z: -0.1036572711718978
    w: 0.9901254394526712
landmark_points: 
  - 
    x: 2.7129877094525896
    y: -0.2879700118481145
    z: -2.536404399639665
  - 
    x: 1.2915384357003212
    y: -3.4943163535511554
    z: -2.161555826903958
  - 
    x: 2.291253493065628
    y: -4.058678419612267
    z: -1.7340915704909081
  - 
    x: 2.646116147594074
    y: -0.885115759647436
    z: -1.7334489958438823
  - 
    x: 2.014442024597341
    y: -0.9509440747969621
    z: -2.285679631591885
  - 
    x: 2.6338185054577297
    y: -0.23619795461717052
    z: -1.8262379163438438
  - 
    x: 2.1655179782574345
    y: -4.245791735163149
    z: -1.4882541160545077
  - 
    x: 1.7241952278170578
    y: -2.428860112137637
    z: -2.360836270370895
  - 
    x: 2.7106407664894645
    y: -1.5974747231813622
    z: 0.7374993120240866
  - 
    x: 1.4396958941821736
    y: -3.1182177568037712
    z: -1.7416019070094029
  - 
    x: 2.4056629128522387
    y: -2.580867978913784
    z: -1.499505428704834
  - 
    x: 2.395215561031191
    y: -1.966084811818672
    z: -1.5089918965348719
landmark_classes: 
  - bench
  - laptop
  - bottle
  - sports ball
  - laptop
  - mouse
  - remote
  - keyboard
  - kite
  - cup
  - fork
  - cell phone
---

header: 
  seq: 1259
  stamp: 
    secs: 1715369704
    nsecs:  80736999
  frame_id: "zed2i_left_camera_optical_frame"
height: 360
width: 640
distortion_model: "plumb_bob"
D: [0.0, 0.0, 0.0, 0.0, 0.0]
K: [260.9886474609375, 0.0, 322.07867431640625, 0.0, 260.9886474609375, 179.7025146484375, 0.0, 0.0, 1.0]
R: [1.0, 0.0, 0.0, 0.0, 1.0, 0.0, 0.0, 0.0, 1.0]
P: [260.9886474609375, 0.0, 322.07867431640625, 0.0, 0.0, 260.9886474609375, 179.7025146484375, 0.0, 0.0, 0.0, 1.0, 0.0]
binning_x: 0
binning_y: 0
roi: 
  x_offset: 0
  y_offset: 0
  height: 0
  width: 0
  do_rectify: False